{
 "cells": [
  {
   "cell_type": "code",
   "execution_count": 2,
   "metadata": {
    "collapsed": true
   },
   "outputs": [],
   "source": [
    "'''This script is a part of Monash Sprint Challenge'''\n",
    "   \n",
    "__author__ = 'Sandeep Kumar Kola'\n",
    "__email__ = 'sandeep.kola07@gmail.com' "
   ]
  },
  {
   "cell_type": "markdown",
   "metadata": {},
   "source": [
    "Date: 13/05/2018\n",
    "\n",
    "Version: 1.0\n",
    "\n",
    "Environment: Python 3.6 and Jupyter notebook\n",
    "\n",
    "Libraries used:\n",
    "* pandas (for dataframes, included in Anaconda Python 3.6)\n",
    "* numpy (for arrays, included in Anaconda Python 3.6)\n",
    "* matplotlib(for 2D plots, included in Anaconda Python 3.6)\n",
    "* mpl_toolkits (Axes3D for 3D plots)\n",
    "* If mpl_toolkits library is not installed on your machine, use pip install mpl_toolkits to install it."
   ]
  },
  {
   "cell_type": "markdown",
   "metadata": {},
   "source": [
    "#### 1) Import the required libraries"
   ]
  },
  {
   "cell_type": "code",
   "execution_count": 3,
   "metadata": {
    "collapsed": true
   },
   "outputs": [],
   "source": [
    "import pandas as pd\n",
    "import numpy as np\n",
    "import matplotlib.pyplot as plt\n",
    "from mpl_toolkits.mplot3d import Axes3D"
   ]
  },
  {
   "cell_type": "markdown",
   "metadata": {},
   "source": [
    "#### 2) Read the data."
   ]
  },
  {
   "cell_type": "code",
   "execution_count": 4,
   "metadata": {
    "collapsed": true
   },
   "outputs": [],
   "source": [
    "dataset4 = pd.read_csv(\"dataset4_with_outliers.csv\")\n",
    "dataset4_solution = dataset4"
   ]
  },
  {
   "cell_type": "code",
   "execution_count": 5,
   "metadata": {},
   "outputs": [
    {
     "data": {
      "text/html": [
       "<div>\n",
       "<style scoped>\n",
       "    .dataframe tbody tr th:only-of-type {\n",
       "        vertical-align: middle;\n",
       "    }\n",
       "\n",
       "    .dataframe tbody tr th {\n",
       "        vertical-align: top;\n",
       "    }\n",
       "\n",
       "    .dataframe thead th {\n",
       "        text-align: right;\n",
       "    }\n",
       "</style>\n",
       "<table border=\"1\" class=\"dataframe\">\n",
       "  <thead>\n",
       "    <tr style=\"text-align: right;\">\n",
       "      <th></th>\n",
       "      <th>id</th>\n",
       "      <th>date</th>\n",
       "      <th>price</th>\n",
       "      <th>bedrooms</th>\n",
       "      <th>bathrooms</th>\n",
       "      <th>sqft_living</th>\n",
       "      <th>sqft_lot</th>\n",
       "      <th>floors</th>\n",
       "      <th>waterfront</th>\n",
       "      <th>view</th>\n",
       "      <th>condition</th>\n",
       "      <th>grade</th>\n",
       "      <th>sqft_above</th>\n",
       "      <th>sqft_basement</th>\n",
       "      <th>yr_built</th>\n",
       "      <th>yr_renovated</th>\n",
       "      <th>zipcode</th>\n",
       "      <th>lat</th>\n",
       "      <th>long</th>\n",
       "    </tr>\n",
       "  </thead>\n",
       "  <tbody>\n",
       "    <tr>\n",
       "      <th>0</th>\n",
       "      <td>5437400630</td>\n",
       "      <td>20141016T000000</td>\n",
       "      <td>625000.0</td>\n",
       "      <td>4</td>\n",
       "      <td>2.25</td>\n",
       "      <td>1920</td>\n",
       "      <td>8259</td>\n",
       "      <td>2.0</td>\n",
       "      <td>0</td>\n",
       "      <td>0</td>\n",
       "      <td>4</td>\n",
       "      <td>8</td>\n",
       "      <td>1920</td>\n",
       "      <td>0</td>\n",
       "      <td>1979</td>\n",
       "      <td>0</td>\n",
       "      <td>98027</td>\n",
       "      <td>47.5616</td>\n",
       "      <td>-122.088</td>\n",
       "    </tr>\n",
       "    <tr>\n",
       "      <th>1</th>\n",
       "      <td>3999300290</td>\n",
       "      <td>20141016T000000</td>\n",
       "      <td>850000.0</td>\n",
       "      <td>3</td>\n",
       "      <td>3.50</td>\n",
       "      <td>2620</td>\n",
       "      <td>11148</td>\n",
       "      <td>2.0</td>\n",
       "      <td>0</td>\n",
       "      <td>4</td>\n",
       "      <td>4</td>\n",
       "      <td>9</td>\n",
       "      <td>2060</td>\n",
       "      <td>560</td>\n",
       "      <td>1977</td>\n",
       "      <td>0</td>\n",
       "      <td>98008</td>\n",
       "      <td>47.5845</td>\n",
       "      <td>-122.115</td>\n",
       "    </tr>\n",
       "    <tr>\n",
       "      <th>2</th>\n",
       "      <td>2525059134</td>\n",
       "      <td>20141016T000000</td>\n",
       "      <td>500000.0</td>\n",
       "      <td>2</td>\n",
       "      <td>1.50</td>\n",
       "      <td>1760</td>\n",
       "      <td>12000</td>\n",
       "      <td>1.0</td>\n",
       "      <td>0</td>\n",
       "      <td>0</td>\n",
       "      <td>4</td>\n",
       "      <td>7</td>\n",
       "      <td>1760</td>\n",
       "      <td>0</td>\n",
       "      <td>1964</td>\n",
       "      <td>0</td>\n",
       "      <td>98052</td>\n",
       "      <td>47.6288</td>\n",
       "      <td>-122.109</td>\n",
       "    </tr>\n",
       "    <tr>\n",
       "      <th>3</th>\n",
       "      <td>1862400285</td>\n",
       "      <td>20141016T000000</td>\n",
       "      <td>375000.0</td>\n",
       "      <td>3</td>\n",
       "      <td>1.00</td>\n",
       "      <td>1200</td>\n",
       "      <td>5404</td>\n",
       "      <td>1.0</td>\n",
       "      <td>0</td>\n",
       "      <td>0</td>\n",
       "      <td>3</td>\n",
       "      <td>6</td>\n",
       "      <td>1200</td>\n",
       "      <td>0</td>\n",
       "      <td>1937</td>\n",
       "      <td>0</td>\n",
       "      <td>98117</td>\n",
       "      <td>47.6969</td>\n",
       "      <td>-122.368</td>\n",
       "    </tr>\n",
       "    <tr>\n",
       "      <th>4</th>\n",
       "      <td>7199320190</td>\n",
       "      <td>20141016T000000</td>\n",
       "      <td>618000.0</td>\n",
       "      <td>4</td>\n",
       "      <td>2.25</td>\n",
       "      <td>2470</td>\n",
       "      <td>7350</td>\n",
       "      <td>1.0</td>\n",
       "      <td>0</td>\n",
       "      <td>0</td>\n",
       "      <td>3</td>\n",
       "      <td>7</td>\n",
       "      <td>1600</td>\n",
       "      <td>870</td>\n",
       "      <td>1978</td>\n",
       "      <td>0</td>\n",
       "      <td>98052</td>\n",
       "      <td>47.6936</td>\n",
       "      <td>-122.128</td>\n",
       "    </tr>\n",
       "  </tbody>\n",
       "</table>\n",
       "</div>"
      ],
      "text/plain": [
       "           id             date     price  bedrooms  bathrooms  sqft_living  \\\n",
       "0  5437400630  20141016T000000  625000.0         4       2.25         1920   \n",
       "1  3999300290  20141016T000000  850000.0         3       3.50         2620   \n",
       "2  2525059134  20141016T000000  500000.0         2       1.50         1760   \n",
       "3  1862400285  20141016T000000  375000.0         3       1.00         1200   \n",
       "4  7199320190  20141016T000000  618000.0         4       2.25         2470   \n",
       "\n",
       "   sqft_lot  floors  waterfront  view  condition  grade  sqft_above  \\\n",
       "0      8259     2.0           0     0          4      8        1920   \n",
       "1     11148     2.0           0     4          4      9        2060   \n",
       "2     12000     1.0           0     0          4      7        1760   \n",
       "3      5404     1.0           0     0          3      6        1200   \n",
       "4      7350     1.0           0     0          3      7        1600   \n",
       "\n",
       "   sqft_basement  yr_built  yr_renovated  zipcode      lat     long  \n",
       "0              0      1979             0    98027  47.5616 -122.088  \n",
       "1            560      1977             0    98008  47.5845 -122.115  \n",
       "2              0      1964             0    98052  47.6288 -122.109  \n",
       "3              0      1937             0    98117  47.6969 -122.368  \n",
       "4            870      1978             0    98052  47.6936 -122.128  "
      ]
     },
     "execution_count": 5,
     "metadata": {},
     "output_type": "execute_result"
    }
   ],
   "source": [
    "# Let's look at few values.\n",
    "dataset4_solution.head(5)"
   ]
  },
  {
   "cell_type": "code",
   "execution_count": 6,
   "metadata": {},
   "outputs": [
    {
     "data": {
      "text/html": [
       "<div>\n",
       "<style scoped>\n",
       "    .dataframe tbody tr th:only-of-type {\n",
       "        vertical-align: middle;\n",
       "    }\n",
       "\n",
       "    .dataframe tbody tr th {\n",
       "        vertical-align: top;\n",
       "    }\n",
       "\n",
       "    .dataframe thead th {\n",
       "        text-align: right;\n",
       "    }\n",
       "</style>\n",
       "<table border=\"1\" class=\"dataframe\">\n",
       "  <thead>\n",
       "    <tr style=\"text-align: right;\">\n",
       "      <th></th>\n",
       "      <th>id</th>\n",
       "      <th>price</th>\n",
       "      <th>bedrooms</th>\n",
       "      <th>bathrooms</th>\n",
       "      <th>sqft_living</th>\n",
       "      <th>sqft_lot</th>\n",
       "      <th>floors</th>\n",
       "      <th>waterfront</th>\n",
       "      <th>view</th>\n",
       "      <th>condition</th>\n",
       "      <th>grade</th>\n",
       "      <th>sqft_above</th>\n",
       "      <th>sqft_basement</th>\n",
       "      <th>yr_built</th>\n",
       "      <th>yr_renovated</th>\n",
       "      <th>zipcode</th>\n",
       "      <th>lat</th>\n",
       "      <th>long</th>\n",
       "    </tr>\n",
       "  </thead>\n",
       "  <tbody>\n",
       "    <tr>\n",
       "      <th>id</th>\n",
       "      <td>1.000000</td>\n",
       "      <td>-0.009097</td>\n",
       "      <td>0.003085</td>\n",
       "      <td>-0.000628</td>\n",
       "      <td>-0.014713</td>\n",
       "      <td>-0.146646</td>\n",
       "      <td>0.023681</td>\n",
       "      <td>-0.004467</td>\n",
       "      <td>0.017886</td>\n",
       "      <td>-0.022657</td>\n",
       "      <td>0.007552</td>\n",
       "      <td>-0.010341</td>\n",
       "      <td>-0.010427</td>\n",
       "      <td>0.023282</td>\n",
       "      <td>-0.020583</td>\n",
       "      <td>-0.004965</td>\n",
       "      <td>-0.002842</td>\n",
       "      <td>0.014752</td>\n",
       "    </tr>\n",
       "    <tr>\n",
       "      <th>price</th>\n",
       "      <td>-0.009097</td>\n",
       "      <td>1.000000</td>\n",
       "      <td>0.322463</td>\n",
       "      <td>0.542735</td>\n",
       "      <td>0.719577</td>\n",
       "      <td>0.134640</td>\n",
       "      <td>0.297020</td>\n",
       "      <td>0.040854</td>\n",
       "      <td>0.302720</td>\n",
       "      <td>-0.008043</td>\n",
       "      <td>0.711380</td>\n",
       "      <td>0.625579</td>\n",
       "      <td>0.282882</td>\n",
       "      <td>0.130036</td>\n",
       "      <td>0.056560</td>\n",
       "      <td>-0.033390</td>\n",
       "      <td>0.370523</td>\n",
       "      <td>0.070152</td>\n",
       "    </tr>\n",
       "    <tr>\n",
       "      <th>bedrooms</th>\n",
       "      <td>0.003085</td>\n",
       "      <td>0.322463</td>\n",
       "      <td>1.000000</td>\n",
       "      <td>0.474310</td>\n",
       "      <td>0.555541</td>\n",
       "      <td>0.031983</td>\n",
       "      <td>0.155126</td>\n",
       "      <td>-0.014325</td>\n",
       "      <td>0.064011</td>\n",
       "      <td>0.025449</td>\n",
       "      <td>0.326311</td>\n",
       "      <td>0.448363</td>\n",
       "      <td>0.283988</td>\n",
       "      <td>0.152412</td>\n",
       "      <td>0.012249</td>\n",
       "      <td>-0.133996</td>\n",
       "      <td>-0.011715</td>\n",
       "      <td>0.126915</td>\n",
       "    </tr>\n",
       "    <tr>\n",
       "      <th>bathrooms</th>\n",
       "      <td>-0.000628</td>\n",
       "      <td>0.542735</td>\n",
       "      <td>0.474310</td>\n",
       "      <td>1.000000</td>\n",
       "      <td>0.738947</td>\n",
       "      <td>0.107096</td>\n",
       "      <td>0.502693</td>\n",
       "      <td>0.000052</td>\n",
       "      <td>0.154718</td>\n",
       "      <td>-0.146713</td>\n",
       "      <td>0.652534</td>\n",
       "      <td>0.666854</td>\n",
       "      <td>0.244184</td>\n",
       "      <td>0.554162</td>\n",
       "      <td>0.024537</td>\n",
       "      <td>-0.214465</td>\n",
       "      <td>0.001736</td>\n",
       "      <td>0.241135</td>\n",
       "    </tr>\n",
       "    <tr>\n",
       "      <th>sqft_living</th>\n",
       "      <td>-0.014713</td>\n",
       "      <td>0.719577</td>\n",
       "      <td>0.555541</td>\n",
       "      <td>0.738947</td>\n",
       "      <td>1.000000</td>\n",
       "      <td>0.194880</td>\n",
       "      <td>0.349545</td>\n",
       "      <td>0.012330</td>\n",
       "      <td>0.234978</td>\n",
       "      <td>-0.081808</td>\n",
       "      <td>0.749753</td>\n",
       "      <td>0.873474</td>\n",
       "      <td>0.385345</td>\n",
       "      <td>0.352420</td>\n",
       "      <td>0.021656</td>\n",
       "      <td>-0.201062</td>\n",
       "      <td>0.035915</td>\n",
       "      <td>0.266074</td>\n",
       "    </tr>\n",
       "    <tr>\n",
       "      <th>sqft_lot</th>\n",
       "      <td>-0.146646</td>\n",
       "      <td>0.134640</td>\n",
       "      <td>0.031983</td>\n",
       "      <td>0.107096</td>\n",
       "      <td>0.194880</td>\n",
       "      <td>1.000000</td>\n",
       "      <td>-0.005045</td>\n",
       "      <td>0.039178</td>\n",
       "      <td>0.093621</td>\n",
       "      <td>-0.010904</td>\n",
       "      <td>0.129833</td>\n",
       "      <td>0.201427</td>\n",
       "      <td>0.015952</td>\n",
       "      <td>0.056667</td>\n",
       "      <td>0.010463</td>\n",
       "      <td>-0.132849</td>\n",
       "      <td>-0.085409</td>\n",
       "      <td>0.251319</td>\n",
       "    </tr>\n",
       "    <tr>\n",
       "      <th>floors</th>\n",
       "      <td>0.023681</td>\n",
       "      <td>0.297020</td>\n",
       "      <td>0.155126</td>\n",
       "      <td>0.502693</td>\n",
       "      <td>0.349545</td>\n",
       "      <td>-0.005045</td>\n",
       "      <td>1.000000</td>\n",
       "      <td>-0.006412</td>\n",
       "      <td>0.012968</td>\n",
       "      <td>-0.272341</td>\n",
       "      <td>0.452949</td>\n",
       "      <td>0.519279</td>\n",
       "      <td>-0.270828</td>\n",
       "      <td>0.516152</td>\n",
       "      <td>-0.002684</td>\n",
       "      <td>-0.061779</td>\n",
       "      <td>0.038888</td>\n",
       "      <td>0.121152</td>\n",
       "    </tr>\n",
       "    <tr>\n",
       "      <th>waterfront</th>\n",
       "      <td>-0.004467</td>\n",
       "      <td>0.040854</td>\n",
       "      <td>-0.014325</td>\n",
       "      <td>0.000052</td>\n",
       "      <td>0.012330</td>\n",
       "      <td>0.039178</td>\n",
       "      <td>-0.006412</td>\n",
       "      <td>1.000000</td>\n",
       "      <td>0.253684</td>\n",
       "      <td>0.013168</td>\n",
       "      <td>0.005085</td>\n",
       "      <td>-0.000648</td>\n",
       "      <td>0.026393</td>\n",
       "      <td>-0.035528</td>\n",
       "      <td>0.080433</td>\n",
       "      <td>0.039276</td>\n",
       "      <td>-0.044910</td>\n",
       "      <td>-0.057769</td>\n",
       "    </tr>\n",
       "    <tr>\n",
       "      <th>view</th>\n",
       "      <td>0.017886</td>\n",
       "      <td>0.302720</td>\n",
       "      <td>0.064011</td>\n",
       "      <td>0.154718</td>\n",
       "      <td>0.234978</td>\n",
       "      <td>0.093621</td>\n",
       "      <td>0.012968</td>\n",
       "      <td>0.253684</td>\n",
       "      <td>1.000000</td>\n",
       "      <td>0.026604</td>\n",
       "      <td>0.200896</td>\n",
       "      <td>0.128313</td>\n",
       "      <td>0.236363</td>\n",
       "      <td>-0.043327</td>\n",
       "      <td>0.057207</td>\n",
       "      <td>0.079862</td>\n",
       "      <td>-0.004763</td>\n",
       "      <td>-0.064269</td>\n",
       "    </tr>\n",
       "    <tr>\n",
       "      <th>condition</th>\n",
       "      <td>-0.022657</td>\n",
       "      <td>-0.008043</td>\n",
       "      <td>0.025449</td>\n",
       "      <td>-0.146713</td>\n",
       "      <td>-0.081808</td>\n",
       "      <td>-0.010904</td>\n",
       "      <td>-0.272341</td>\n",
       "      <td>0.013168</td>\n",
       "      <td>0.026604</td>\n",
       "      <td>1.000000</td>\n",
       "      <td>-0.169918</td>\n",
       "      <td>-0.170738</td>\n",
       "      <td>0.156644</td>\n",
       "      <td>-0.343027</td>\n",
       "      <td>-0.058381</td>\n",
       "      <td>-0.013056</td>\n",
       "      <td>-0.047949</td>\n",
       "      <td>-0.086093</td>\n",
       "    </tr>\n",
       "    <tr>\n",
       "      <th>grade</th>\n",
       "      <td>0.007552</td>\n",
       "      <td>0.711380</td>\n",
       "      <td>0.326311</td>\n",
       "      <td>0.652534</td>\n",
       "      <td>0.749753</td>\n",
       "      <td>0.129833</td>\n",
       "      <td>0.452949</td>\n",
       "      <td>0.005085</td>\n",
       "      <td>0.200896</td>\n",
       "      <td>-0.169918</td>\n",
       "      <td>1.000000</td>\n",
       "      <td>0.742731</td>\n",
       "      <td>0.122427</td>\n",
       "      <td>0.486517</td>\n",
       "      <td>-0.021036</td>\n",
       "      <td>-0.187641</td>\n",
       "      <td>0.095716</td>\n",
       "      <td>0.217638</td>\n",
       "    </tr>\n",
       "    <tr>\n",
       "      <th>sqft_above</th>\n",
       "      <td>-0.010341</td>\n",
       "      <td>0.625579</td>\n",
       "      <td>0.448363</td>\n",
       "      <td>0.666854</td>\n",
       "      <td>0.873474</td>\n",
       "      <td>0.201427</td>\n",
       "      <td>0.519279</td>\n",
       "      <td>-0.000648</td>\n",
       "      <td>0.128313</td>\n",
       "      <td>-0.170738</td>\n",
       "      <td>0.742731</td>\n",
       "      <td>1.000000</td>\n",
       "      <td>-0.112683</td>\n",
       "      <td>0.448045</td>\n",
       "      <td>0.002925</td>\n",
       "      <td>-0.259247</td>\n",
       "      <td>-0.018046</td>\n",
       "      <td>0.365265</td>\n",
       "    </tr>\n",
       "    <tr>\n",
       "      <th>sqft_basement</th>\n",
       "      <td>-0.010427</td>\n",
       "      <td>0.282882</td>\n",
       "      <td>0.283988</td>\n",
       "      <td>0.244184</td>\n",
       "      <td>0.385345</td>\n",
       "      <td>0.015952</td>\n",
       "      <td>-0.270828</td>\n",
       "      <td>0.026393</td>\n",
       "      <td>0.236363</td>\n",
       "      <td>0.156644</td>\n",
       "      <td>0.122427</td>\n",
       "      <td>-0.112683</td>\n",
       "      <td>1.000000</td>\n",
       "      <td>-0.129947</td>\n",
       "      <td>0.038653</td>\n",
       "      <td>0.081016</td>\n",
       "      <td>0.107500</td>\n",
       "      <td>-0.149275</td>\n",
       "    </tr>\n",
       "    <tr>\n",
       "      <th>yr_built</th>\n",
       "      <td>0.023282</td>\n",
       "      <td>0.130036</td>\n",
       "      <td>0.152412</td>\n",
       "      <td>0.554162</td>\n",
       "      <td>0.352420</td>\n",
       "      <td>0.056667</td>\n",
       "      <td>0.516152</td>\n",
       "      <td>-0.035528</td>\n",
       "      <td>-0.043327</td>\n",
       "      <td>-0.343027</td>\n",
       "      <td>0.486517</td>\n",
       "      <td>0.448045</td>\n",
       "      <td>-0.129947</td>\n",
       "      <td>1.000000</td>\n",
       "      <td>-0.203599</td>\n",
       "      <td>-0.338240</td>\n",
       "      <td>-0.144239</td>\n",
       "      <td>0.389510</td>\n",
       "    </tr>\n",
       "    <tr>\n",
       "      <th>yr_renovated</th>\n",
       "      <td>-0.020583</td>\n",
       "      <td>0.056560</td>\n",
       "      <td>0.012249</td>\n",
       "      <td>0.024537</td>\n",
       "      <td>0.021656</td>\n",
       "      <td>0.010463</td>\n",
       "      <td>-0.002684</td>\n",
       "      <td>0.080433</td>\n",
       "      <td>0.057207</td>\n",
       "      <td>-0.058381</td>\n",
       "      <td>-0.021036</td>\n",
       "      <td>0.002925</td>\n",
       "      <td>0.038653</td>\n",
       "      <td>-0.203599</td>\n",
       "      <td>1.000000</td>\n",
       "      <td>0.053817</td>\n",
       "      <td>0.011023</td>\n",
       "      <td>-0.044423</td>\n",
       "    </tr>\n",
       "    <tr>\n",
       "      <th>zipcode</th>\n",
       "      <td>-0.004965</td>\n",
       "      <td>-0.033390</td>\n",
       "      <td>-0.133996</td>\n",
       "      <td>-0.214465</td>\n",
       "      <td>-0.201062</td>\n",
       "      <td>-0.132849</td>\n",
       "      <td>-0.061779</td>\n",
       "      <td>0.039276</td>\n",
       "      <td>0.079862</td>\n",
       "      <td>-0.013056</td>\n",
       "      <td>-0.187641</td>\n",
       "      <td>-0.259247</td>\n",
       "      <td>0.081016</td>\n",
       "      <td>-0.338240</td>\n",
       "      <td>0.053817</td>\n",
       "      <td>1.000000</td>\n",
       "      <td>0.283471</td>\n",
       "      <td>-0.570334</td>\n",
       "    </tr>\n",
       "    <tr>\n",
       "      <th>lat</th>\n",
       "      <td>-0.002842</td>\n",
       "      <td>0.370523</td>\n",
       "      <td>-0.011715</td>\n",
       "      <td>0.001736</td>\n",
       "      <td>0.035915</td>\n",
       "      <td>-0.085409</td>\n",
       "      <td>0.038888</td>\n",
       "      <td>-0.044910</td>\n",
       "      <td>-0.004763</td>\n",
       "      <td>-0.047949</td>\n",
       "      <td>0.095716</td>\n",
       "      <td>-0.018046</td>\n",
       "      <td>0.107500</td>\n",
       "      <td>-0.144239</td>\n",
       "      <td>0.011023</td>\n",
       "      <td>0.283471</td>\n",
       "      <td>1.000000</td>\n",
       "      <td>-0.145348</td>\n",
       "    </tr>\n",
       "    <tr>\n",
       "      <th>long</th>\n",
       "      <td>0.014752</td>\n",
       "      <td>0.070152</td>\n",
       "      <td>0.126915</td>\n",
       "      <td>0.241135</td>\n",
       "      <td>0.266074</td>\n",
       "      <td>0.251319</td>\n",
       "      <td>0.121152</td>\n",
       "      <td>-0.057769</td>\n",
       "      <td>-0.064269</td>\n",
       "      <td>-0.086093</td>\n",
       "      <td>0.217638</td>\n",
       "      <td>0.365265</td>\n",
       "      <td>-0.149275</td>\n",
       "      <td>0.389510</td>\n",
       "      <td>-0.044423</td>\n",
       "      <td>-0.570334</td>\n",
       "      <td>-0.145348</td>\n",
       "      <td>1.000000</td>\n",
       "    </tr>\n",
       "  </tbody>\n",
       "</table>\n",
       "</div>"
      ],
      "text/plain": [
       "                     id     price  bedrooms  bathrooms  sqft_living  sqft_lot  \\\n",
       "id             1.000000 -0.009097  0.003085  -0.000628    -0.014713 -0.146646   \n",
       "price         -0.009097  1.000000  0.322463   0.542735     0.719577  0.134640   \n",
       "bedrooms       0.003085  0.322463  1.000000   0.474310     0.555541  0.031983   \n",
       "bathrooms     -0.000628  0.542735  0.474310   1.000000     0.738947  0.107096   \n",
       "sqft_living   -0.014713  0.719577  0.555541   0.738947     1.000000  0.194880   \n",
       "sqft_lot      -0.146646  0.134640  0.031983   0.107096     0.194880  1.000000   \n",
       "floors         0.023681  0.297020  0.155126   0.502693     0.349545 -0.005045   \n",
       "waterfront    -0.004467  0.040854 -0.014325   0.000052     0.012330  0.039178   \n",
       "view           0.017886  0.302720  0.064011   0.154718     0.234978  0.093621   \n",
       "condition     -0.022657 -0.008043  0.025449  -0.146713    -0.081808 -0.010904   \n",
       "grade          0.007552  0.711380  0.326311   0.652534     0.749753  0.129833   \n",
       "sqft_above    -0.010341  0.625579  0.448363   0.666854     0.873474  0.201427   \n",
       "sqft_basement -0.010427  0.282882  0.283988   0.244184     0.385345  0.015952   \n",
       "yr_built       0.023282  0.130036  0.152412   0.554162     0.352420  0.056667   \n",
       "yr_renovated  -0.020583  0.056560  0.012249   0.024537     0.021656  0.010463   \n",
       "zipcode       -0.004965 -0.033390 -0.133996  -0.214465    -0.201062 -0.132849   \n",
       "lat           -0.002842  0.370523 -0.011715   0.001736     0.035915 -0.085409   \n",
       "long           0.014752  0.070152  0.126915   0.241135     0.266074  0.251319   \n",
       "\n",
       "                 floors  waterfront      view  condition     grade  \\\n",
       "id             0.023681   -0.004467  0.017886  -0.022657  0.007552   \n",
       "price          0.297020    0.040854  0.302720  -0.008043  0.711380   \n",
       "bedrooms       0.155126   -0.014325  0.064011   0.025449  0.326311   \n",
       "bathrooms      0.502693    0.000052  0.154718  -0.146713  0.652534   \n",
       "sqft_living    0.349545    0.012330  0.234978  -0.081808  0.749753   \n",
       "sqft_lot      -0.005045    0.039178  0.093621  -0.010904  0.129833   \n",
       "floors         1.000000   -0.006412  0.012968  -0.272341  0.452949   \n",
       "waterfront    -0.006412    1.000000  0.253684   0.013168  0.005085   \n",
       "view           0.012968    0.253684  1.000000   0.026604  0.200896   \n",
       "condition     -0.272341    0.013168  0.026604   1.000000 -0.169918   \n",
       "grade          0.452949    0.005085  0.200896  -0.169918  1.000000   \n",
       "sqft_above     0.519279   -0.000648  0.128313  -0.170738  0.742731   \n",
       "sqft_basement -0.270828    0.026393  0.236363   0.156644  0.122427   \n",
       "yr_built       0.516152   -0.035528 -0.043327  -0.343027  0.486517   \n",
       "yr_renovated  -0.002684    0.080433  0.057207  -0.058381 -0.021036   \n",
       "zipcode       -0.061779    0.039276  0.079862  -0.013056 -0.187641   \n",
       "lat            0.038888   -0.044910 -0.004763  -0.047949  0.095716   \n",
       "long           0.121152   -0.057769 -0.064269  -0.086093  0.217638   \n",
       "\n",
       "               sqft_above  sqft_basement  yr_built  yr_renovated   zipcode  \\\n",
       "id              -0.010341      -0.010427  0.023282     -0.020583 -0.004965   \n",
       "price            0.625579       0.282882  0.130036      0.056560 -0.033390   \n",
       "bedrooms         0.448363       0.283988  0.152412      0.012249 -0.133996   \n",
       "bathrooms        0.666854       0.244184  0.554162      0.024537 -0.214465   \n",
       "sqft_living      0.873474       0.385345  0.352420      0.021656 -0.201062   \n",
       "sqft_lot         0.201427       0.015952  0.056667      0.010463 -0.132849   \n",
       "floors           0.519279      -0.270828  0.516152     -0.002684 -0.061779   \n",
       "waterfront      -0.000648       0.026393 -0.035528      0.080433  0.039276   \n",
       "view             0.128313       0.236363 -0.043327      0.057207  0.079862   \n",
       "condition       -0.170738       0.156644 -0.343027     -0.058381 -0.013056   \n",
       "grade            0.742731       0.122427  0.486517     -0.021036 -0.187641   \n",
       "sqft_above       1.000000      -0.112683  0.448045      0.002925 -0.259247   \n",
       "sqft_basement   -0.112683       1.000000 -0.129947      0.038653  0.081016   \n",
       "yr_built         0.448045      -0.129947  1.000000     -0.203599 -0.338240   \n",
       "yr_renovated     0.002925       0.038653 -0.203599      1.000000  0.053817   \n",
       "zipcode         -0.259247       0.081016 -0.338240      0.053817  1.000000   \n",
       "lat             -0.018046       0.107500 -0.144239      0.011023  0.283471   \n",
       "long             0.365265      -0.149275  0.389510     -0.044423 -0.570334   \n",
       "\n",
       "                    lat      long  \n",
       "id            -0.002842  0.014752  \n",
       "price          0.370523  0.070152  \n",
       "bedrooms      -0.011715  0.126915  \n",
       "bathrooms      0.001736  0.241135  \n",
       "sqft_living    0.035915  0.266074  \n",
       "sqft_lot      -0.085409  0.251319  \n",
       "floors         0.038888  0.121152  \n",
       "waterfront    -0.044910 -0.057769  \n",
       "view          -0.004763 -0.064269  \n",
       "condition     -0.047949 -0.086093  \n",
       "grade          0.095716  0.217638  \n",
       "sqft_above    -0.018046  0.365265  \n",
       "sqft_basement  0.107500 -0.149275  \n",
       "yr_built      -0.144239  0.389510  \n",
       "yr_renovated   0.011023 -0.044423  \n",
       "zipcode        0.283471 -0.570334  \n",
       "lat            1.000000 -0.145348  \n",
       "long          -0.145348  1.000000  "
      ]
     },
     "execution_count": 6,
     "metadata": {},
     "output_type": "execute_result"
    }
   ],
   "source": [
    "# Let's check the corelation of varables.\n",
    "correlation_matrix = dataset4_solution.corr()\n",
    "correlation_matrix"
   ]
  },
  {
   "cell_type": "markdown",
   "metadata": {},
   "source": [
    "*  From the corelation matrix we see that some variables are correaltied highly.\n",
    "* Over all we see that variables, price, sqft_living, grade, sqft_above, bathrooms are related to each other.\n",
    "* So if one variable is high it means that most likely others should be relaively high."
   ]
  },
  {
   "cell_type": "markdown",
   "metadata": {},
   "source": [
    "#### 3) First fix outliers in bedrooms."
   ]
  },
  {
   "cell_type": "code",
   "execution_count": 7,
   "metadata": {},
   "outputs": [
    {
     "data": {
      "text/plain": [
       "<function matplotlib.pyplot.show(*args, **kw)>"
      ]
     },
     "execution_count": 7,
     "metadata": {},
     "output_type": "execute_result"
    },
    {
     "data": {
